aes
110	 16	2	1	21	0	11	1	3	1	0	0	1	1	1 
118	 16	2	1	19	0	10	1	3	1	0	0	1	1	0 
126	 16	3	3	34	0	18	1	6	1	0	0	1	1	1 
147	 4	8	4	91	0	49	1	12	1	0	0	1	1	1 
167	 3	8	4	63	0	35	1	12	1	0	0	1	1	1 
174	 3	8	4	63	0	35	1	12	1	0	0	1	1	1 
199	 32	1	2	24	0	10	1	3	1	0	0	1	1	0 
202	 7	0	0	18	0	7	1	0	1	0	0	1	1	1 
208	 13	0	0	49	0	20	4	0	1	0	0	1	1	1 

bb_gemm
14	 32	3	1	56	0	29	5	4	1	1	2	1	0	1 
15	 8	3	1	46	0	24	3	4	2	1	1	0	0	1 
17	 8	2	1	29	0	15	1	3	3	0	0	0	1	1 
31	 4294967295	1	0	15	0	7	1	1	1	0	0	1	1	0 
49	 1024	0	3	39	6	22	1	3	1	0	0	1	1	0 

bfs-bulk
41	 10	0	1	13	0	6	1	1	1	0	0	1	1	0 
45	 10	5	2	96	0	49	11	7	1	1	2	1	0	1 
48	 256	5	1	74	0	38	8	6	2	1	1	0	0	1 
52	 4294967295	2	1	35	0	18	3	3	3	0	0	0	1	1 

bfs-queue
47	 10	0	1	13	0	6	1	1	1	0	0	1	1	0 
56	 256	7	3	119	0	59	10	10	1	1	1	1	0	1 
63	 4294967295	4	3	59	0	30	3	7	2	0	0	0	1	1 

fft
20	 64	92	64	717	4	409	7	156	1	3	3	1	0	1 
22	 8	2	2	31	0	16	1	4	2	0	0	0	1	1 
30	 7	6	2	61	0	34	1	8	2	0	0	0	1	1 
40	 8	2	2	31	0	16	1	4	2	0	0	0	1	1 
57	 64	17	9	175	0	107	3	26	1	1	1	1	0	1 
58	 8	1	1	20	0	10	1	2	2	0	0	0	1	1 
79	 64	10	10	165	0	92	5	20	1	2	2	1	0	1 
80	 8	1	1	20	0	10	1	2	2	0	0	0	1	1 
87	 8	1	1	20	0	10	1	2	2	0	0	0	1	1 
104	 64	17	9	175	0	107	3	26	1	1	1	1	0	1 
105	 8	1	1	20	0	10	1	2	2	0	0	0	1	1 
126	 64	10	10	165	0	92	5	20	1	2	2	1	0	1 
127	 8	1	1	20	0	10	1	2	2	0	0	0	1	1 
134	 8	1	1	20	0	10	1	2	2	0	0	0	1	1 
153	 64	92	64	722	4	413	7	156	1	3	3	1	0	1 
155	 8	2	2	31	0	16	1	4	2	0	0	0	1	1 
168	 7	6	2	63	0	36	1	8	2	0	0	0	1	1 
178	 8	2	2	31	0	16	1	4	2	0	0	0	1	1 
197	 64	17	9	175	0	107	3	26	1	1	1	1	0	1 
198	 8	1	1	20	0	10	1	2	2	0	0	0	1	1 
220	 64	10	10	165	0	92	5	20	1	2	2	1	0	1 
221	 8	1	1	20	0	10	1	2	2	0	0	0	1	1 
228	 8	1	1	20	0	10	1	2	2	0	0	0	1	1 
247	 64	17	9	175	0	107	3	26	1	1	1	1	0	1 
248	 8	1	1	20	0	10	1	2	2	0	0	0	1	1 
270	 64	10	10	165	0	92	5	20	1	2	2	1	0	1 
271	 8	1	1	20	0	10	1	2	2	0	0	0	1	1 
278	 8	1	1	20	0	10	1	2	2	0	0	0	1	1 
297	 64	88	62	663	4	380	5	150	1	2	2	1	0	1 
299	 8	2	2	31	0	16	1	4	2	0	0	0	1	1 
308	 8	4	2	39	0	22	1	6	2	0	0	0	1	1 
636	 2	2	0	21	0	9	1	2	1	0	0	1	1	0 
357	 512	0	2	20	0	9	1	2	1	0	0	1	1	0 

fft-strided
32	 10	16	6	157	10	97	7	22	1	1	1	1	0	1 
33	 4294967295	16	6	137	10	87	3	22	2	0	0	0	1	0 

gemm-blocked
29	 8	3	1	82	2	42	9	4	1	1	4	1	0	1 
30	 8	3	1	72	2	37	7	4	2	1	3	0	0	1 
31	 64	3	1	62	2	32	5	4	3	1	2	0	0	1 
32	 8	3	1	52	2	27	3	4	4	1	1	0	0	1 
36	 8	2	1	29	2	15	1	3	5	0	0	0	1	1 

gemm-ncubed
22	 64	2	1	56	4	29	5	3	1	1	2	1	0	1 
23	 64	2	1	46	4	24	3	3	2	1	1	0	0	1 
26	 64	2	0	27	3	14	1	2	3	0	0	0	1	1 

kmp
16	 3	5	1	55	0	30	5	6	1	1	1	1	0	1 
17	 4294967295	3	0	23	0	13	3	3	2	0	0	0	1	0 
50	 32411	7	1	73	0	42	8	8	1	1	1	1	0	1 
51	 4294967295	3	0	27	0	16	4	3	2	0	0	0	1	0 

md
21	 32	7	3	108	0	60	3	10	1	1	1	1	0	1 
29	 32	4	0	74	0	40	1	4	2	0	0	0	1	1 
112	 32	0	4	74	0	33	7	4	1	2	2	1	0	1 
115	 32	0	2	19	0	8	1	2	2	0	0	0	1	0 
119	 32	0	2	34	0	15	3	2	2	0	0	0	1	0 
142	 32	1	1	18	0	9	1	2	1	0	0	1	1	1 
206	 32	3	0	26	0	11	1	3	1	0	0	1	1	0 
194	 32	1	1	33	0	15	3	2	1	1	1	1	0	1 
195	 32	1	1	23	0	10	1	2	2	0	0	0	1	1 
180	 32	0	1	25	0	11	3	1	1	1	1	1	0	1 
181	 32	0	1	15	0	6	1	1	2	0	0	0	1	0 
170	 32	0	3	27	0	13	1	3	1	0	0	1	1	0 

md-grid
37	 4294967295	72	14	611	36	305	26	86	1	1	7	1	0	0 
38	 4294967295	71	12	592	36	296	24	83	2	1	6	0	0	0 
39	 4294967295	70	10	573	36	287	22	80	3	1	5	0	0	0 
41	 4294967295	67	8	542	36	272	20	75	4	1	4	0	0	0 
42	 4294967295	61	6	488	36	246	17	67	5	1	3	0	0	0 
43	 4294967295	55	4	434	36	220	14	59	6	1	2	0	0	0 
47	 2147483647	40	3	339	36	169	9	43	7	1	1	0	0	1 
53	 4294967295	12	0	139	30	66	5	12	8	0	0	0	1	1 

nw
42	 129	0	1	16	0	8	1	1	1	0	0	1	1	0 
45	 129	0	1	18	0	9	1	1	1	0	0	1	1	1 
50	 128	5	4	113	0	57	8	9	1	1	1	1	0	1 
51	 128	5	4	103	0	52	6	9	2	0	0	0	1	1 
84	 4294967295	6	6	108	0	59	7	12	1	0	0	1	1	0 
105	 256	0	1	13	0	6	1	1	1	0	0	1	1	0 
108	 256	0	1	13	0	6	1	1	1	0	0	1	1	0 

pp_scan
10	 4294967295	1	0	15	0	7	1	1	1	0	0	1	1	0 
18	 128	2	1	39	0	20	3	3	1	1	1	1	0	1 
19	 15	2	1	29	0	15	1	3	2	0	0	0	1	1 
29	 127	2	1	27	0	14	1	3	1	0	0	1	1	1 
36	 128	2	1	39	0	20	3	3	1	1	1	1	0	1 
37	 16	2	1	29	0	15	1	3	2	0	0	0	1	1 
72	 2048	0	2	35	6	20	1	2	1	0	0	1	1	0 

reduction
13	 2048	1	0	16	0	8	1	1	1	0	0	1	1	1 
29	 2048	0	1	22	3	12	1	1	1	0	0	1	1	0 

sort-merge
11	 4294967295	1	1	17	0	8	1	2	1	0	0	1	1	0 
15	 4294967295	1	1	24	0	12	1	2	1	0	0	1	1	1 
22	 4294967295	2	2	44	0	23	4	4	1	0	0	1	1	1 
48	 11	0	0	48	0	21	6	0	1	1	1	1	0	0 
49	 4294967295	0	0	38	0	16	4	0	2	0	0	0	1	0 

spmv-crs
38	 494	5	1	56	5	32	5	6	1	1	1	1	0	1 
42	 4294967295	3	0	25	3	14	1	3	2	0	0	0	1	1 

spmv-ellpack
35	 494	4	1	51	4	28	3	5	1	1	1	1	0	1 
37	 10	3	0	33	3	18	1	3	2	0	0	0	1	1 

ss_sort
11	 4294967295	1	0	15	0	7	1	1	1	0	0	1	1	0 
21	 128	2	1	39	0	20	3	3	1	1	1	1	0	1 
23	 15	2	1	29	0	15	1	3	2	0	0	0	1	1 
34	 127	2	1	27	0	14	1	3	1	0	0	1	1	1 
42	 128	2	1	39	0	20	3	3	1	1	1	1	0	1 
44	 16	2	1	29	0	15	1	3	2	0	0	0	1	1 
56	 2048	0	1	13	0	6	1	1	1	0	0	1	1	0 
65	 512	2	1	45	0	24	3	3	1	1	1	1	0	1 
67	 4	2	1	35	0	19	1	3	2	0	0	0	1	1 
79	 512	2	2	60	0	33	3	4	1	1	1	1	0	1 
81	 4	2	2	50	0	28	1	4	2	0	0	0	1	1 
97	 2048	0	1	22	3	12	1	1	1	0	0	1	1	0 

stencil
14	 30	18	1	129	0	73	3	19	1	1	1	1	0	1 
15	 30	18	1	119	0	68	1	19	2	0	0	0	1	1 
124	 4	2	0	41	0	20	3	2	1	1	1	1	0	1 
126	 4	2	0	31	0	15	1	2	2	0	0	0	1	1 
104	 3	0	1	36	3	19	3	1	1	1	1	1	0	1 
106	 3	0	1	26	3	14	1	1	2	0	0	0	1	1 
94	 32	0	2	44	3	23	3	2	1	1	1	1	0	1 
96	 32	0	2	34	3	18	1	2	2	0	0	0	1	1 

stencil-stencil2d
24	 126	2	1	75	0	39	7	3	1	1	3	1	0	1 
25	 62	2	1	65	0	34	5	3	2	1	2	0	0	1 
27	 3	2	0	46	0	24	3	2	3	1	1	0	0	1 
28	 3	2	0	33	0	17	1	2	4	0	0	0	1	1 

stencil-stencil3d
30	 32	2	2	53	0	27	3	4	1	1	1	1	0	1 
31	 16	2	2	43	0	22	1	4	2	0	0	0	1	1 
36	 30	2	2	53	0	27	3	4	1	1	1	1	0	1 
37	 16	2	2	43	0	22	1	4	2	0	0	0	1	1 
42	 30	2	2	61	0	31	3	4	1	1	1	1	0	1 
43	 30	2	2	51	0	26	1	4	2	0	0	0	1	1 
51	 30	9	1	148	0	78	5	10	1	1	2	1	0	1 
52	 30	9	1	138	0	73	3	10	2	1	1	0	0	1 
53	 14	9	1	128	0	68	1	10	3	0	0	0	1	1 

triad
15	 2048	2	1	23	0	12	1	3	1	0	0	1	1	0 
44	 2048	1	0	16	0	7	1	1	1	0	0	1	1	0 
30	 2048	0	3	23	0	12	1	3	1	0	0	1	1	0 

viterbi
36	 64	3	1	29	1	15	1	4	1	0	0	1	1	1 
41	 139	8	1	97	8	50	5	9	1	1	2	1	0	1 
42	 64	8	1	87	8	45	3	9	2	1	1	0	0	1 
48	 63	4	0	45	5	23	1	4	3	0	0	0	1	1 
63	 63	1	0	27	3	12	1	1	1	0	0	1	1	1 
73	 139	6	1	73	5	38	3	7	1	1	1	1	0	1 
76	 63	3	0	42	4	21	1	3	2	0	0	0	1	1 
